Estación:       CABORCA,  SON
Operada por:    SMN EMAS
Longitud:       112°26'07"  Latitud: 30°46'29"  Altitud: 188

DD/MM/AAAA HH:MM      DIRS      DIRR      VELS      VELR      TEMP        HR        PB      PREC   RADSOL
23/01/2019 17:00       262       265     11.94     32.80      16.2        35    1003.1       0.0     511.5
23/01/2019 18:00       241       249      9.53     36.20      19.4        29    1002.7       0.0     624.7
23/01/2019 19:00       247       263     30.46     64.70      20.9        23    1001.7       0.0     705.2
23/01/2019 20:00       236       249     31.26     62.90      21.8        21    1000.1       0.0     678.7
23/01/2019 21:00       231       253     30.95     58.20      22.3        20     998.7       0.0     577.3
23/01/2019 22:00       233       231     30.26     65.60      22.2        19     997.8       0.0     481.0
23/01/2019 23:00       223       239     27.21     52.70      21.6        20     997.3       0.0     298.3
24/01/2019 00:00       216       214     22.69     51.20      20.1        22     997.2       0.0      93.5
24/01/2019 01:00       193       215     21.22     39.40      17.2        27     997.1       0.0       0.5
24/01/2019 02:00       187       186     26.30     53.80      14.4        43     997.6       0.0       0.0
24/01/2019 03:00       190       197     17.75     34.30      12.2        48     997.5       0.0       0.0
24/01/2019 04:00       215       207     15.33     32.10      10.9        43     997.5       0.0       0.0
24/01/2019 05:00       194       203      7.86     24.50       9.2        42     997.6       0.0       0.0
24/01/2019 06:00       239       245     19.75     37.90      10.2        37     997.2       0.0       0.0
24/01/2019 07:00       261       267     12.79     23.60       9.3        37     996.9       0.0       0.0
24/01/2019 08:00       256       342      4.10     14.60       7.6        40     996.7       0.0       0.0
24/01/2019 09:00       270       263     14.04     25.90       7.3        41     996.6       0.0       0.0
24/01/2019 10:00       266       266     15.04     37.30       7.0        41     996.3       0.0       0.0
24/01/2019 11:00       271       271     13.56     33.20       7.0        41     995.8       0.0       0.0
24/01/2019 12:00       162       267      3.97     19.20       6.1        44     995.7       0.0       0.0
24/01/2019 13:00       319       324     12.71     25.80       4.6        47     996.0       0.0       0.0
24/01/2019 14:00        22       306      8.25     20.80       3.7        50     996.8       0.0      10.0
24/01/2019 15:00       194        35      1.34     18.50       6.6        46     997.5       0.0     152.2
24/01/2019 16:00        71       100      5.85     20.30      12.9        35     997.8       0.0     351.8
24/01/2019 17:00       124        83      4.81     22.40      15.6        32     997.9       0.0     507.2
24/01/2019 18:00       174       175     13.02     34.00      18.5        28     997.4       0.0     627.2
24/01/2019 19:00       201       203     23.15     54.10      20.2        25     996.4       0.0     706.7
24/01/2019 20:00       194       187     27.48     55.80      21.9        24     994.9       0.0     685.0
24/01/2019 21:00       195       209     25.84     62.00      23.2        23     993.9       0.0     579.8
24/01/2019 22:00       192       200     31.46     64.30      23.7        23     993.6       0.0     467.3
24/01/2019 23:00       193       191     38.75     70.20      23.0        24     993.8       0.0     253.3
25/01/2019 00:00       191       197     41.78     70.30      20.7        29     994.7       0.0      61.5
25/01/2019 01:00       194       200     27.64     70.20      18.1        33     995.4       0.0       0.2
25/01/2019 02:00       217       218     25.39     52.00      17.4        32     995.3       0.0       0.0
25/01/2019 03:00       194       220     16.14     32.00      15.6        34     994.9       0.0       0.0
25/01/2019 04:00       199       207     18.43     33.10      14.0        36     995.1       0.0       0.0
25/01/2019 05:00       203       211     18.15     32.90      13.1        38     995.0       0.0       0.0
25/01/2019 06:00       198       207     17.21     29.50      11.9        40     995.3       0.0       0.0
25/01/2019 07:00       198       202     14.54     28.20      10.8        42     995.4       0.0       0.0
25/01/2019 08:00       230       239     17.42     31.60       9.3        44     995.5       0.0       0.0
25/01/2019 09:00       246       243     16.85     31.00       8.7        44     995.6       0.0       0.0
25/01/2019 10:00       308       344      4.82     18.60       7.8        47     995.5       0.0       0.0
25/01/2019 11:00       325       335     12.91     25.80       6.9        48     995.3       0.0       0.0
25/01/2019 12:00        60        94     11.64     34.70       7.2        49     995.2       0.0       0.0
25/01/2019 13:00        82       106     13.89     28.70       6.4        50     995.5       0.0       0.0
25/01/2019 14:00        45        83     11.29     23.60       4.5        55     995.8       0.0      10.8
25/01/2019 15:00        29        66      8.14     20.90       8.0        49     996.4       0.0     161.3
25/01/2019 16:00       290       264      4.53     15.00      15.1        37     997.2       0.0     366.8
25/01/2019 17:00        94       318      4.89     19.10      18.2        32     997.3       0.0     520.7
25/01/2019 18:00       133       244      6.86     19.90      20.1        30     996.9       0.0     634.8
25/01/2019 19:00       151       178      7.16     22.30      22.3        27     995.7       0.0     709.8
25/01/2019 20:00       181       203     21.54     48.60      23.2        26     994.5       0.0     690.5
25/01/2019 21:00       195       203     21.83     49.60      24.3        24     993.5       0.0     588.3
25/01/2019 22:00       196       200     30.29     60.30      24.3        26     992.8       0.0     490.7
25/01/2019 23:00       196       203     36.79     70.10      23.4        30     992.5       0.0     310.2
26/01/2019 00:00       195       205     31.99     70.20      21.2        33     992.5       0.0      65.3
26/01/2019 01:00       196       214     22.93     47.80      17.9        41     992.8       0.0       0.2
26/01/2019 02:00       195       194     21.14     37.10      15.4        48     993.2       0.0       0.0
26/01/2019 03:00       196       213     21.18     38.60      13.9        52     993.6       0.0       0.0
26/01/2019 04:00       201       212     18.54     38.70      12.9        52     994.2       0.0       0.0
26/01/2019 05:00       210       236     10.96     25.90      10.4        60     994.9       0.0       0.0
26/01/2019 06:00       192       179     11.18     19.60      10.7        54     995.2       0.0       0.0
26/01/2019 07:00       204       225     18.45     41.10      10.6        47     995.5       0.0       0.0
26/01/2019 08:00       228       204     11.95     25.90       8.4        50     995.6       0.0       0.0
26/01/2019 09:00       233       215      9.66     19.30       7.8        51     995.6       0.0       0.0
26/01/2019 10:00       217       218     10.69     19.50       7.6        48     995.7       0.0       0.0
26/01/2019 11:00       236       210      6.40     15.00       7.4        47     996.1       0.0       0.0
26/01/2019 12:00       244       265     14.64     26.80       7.6        46     995.9       0.0       0.0
26/01/2019 13:00       222       257     16.50     32.10       8.6        45     996.2       0.0       0.0
26/01/2019 14:00        93       216      2.89     31.40       4.5        55     996.9       0.0      10.7
26/01/2019 15:00        93       115      4.25     26.50       7.9        50     997.2       0.0     161.2
26/01/2019 16:00       114       122     15.80     24.10       9.3        48     997.6               304.5
26/01/2019 17:00
26/01/2019 18:00
26/01/2019 19:00
26/01/2019 20:00
26/01/2019 21:00
26/01/2019 22:00
26/01/2019 23:00
27/01/2019 00:00
27/01/2019 01:00
27/01/2019 02:00
27/01/2019 03:00
27/01/2019 04:00
27/01/2019 05:00
27/01/2019 06:00
27/01/2019 07:00
27/01/2019 08:00
27/01/2019 09:00
27/01/2019 10:00
27/01/2019 11:00
27/01/2019 12:00
27/01/2019 13:00
27/01/2019 14:00
27/01/2019 15:00
27/01/2019 16:00
27/01/2019 17:00
27/01/2019 18:00
27/01/2019 19:00
27/01/2019 20:00       195       211     13.96     35.30      24.9        22     994.9       0.0     686.8
27/01/2019 21:00       202       212     20.81     41.20      25.1        21     993.8       0.0     579.0
27/01/2019 22:00       192       214     17.87     41.00      25.2        20     993.3       0.0     474.5
27/01/2019 23:00       191       193     17.84     39.30      25.1        20     992.8       0.0     292.8
28/01/2019 00:00       195       207     26.47     53.90      23.0        29     992.8       0.0     104.7
28/01/2019 01:00       198       203     21.29     43.20      19.4        38     992.8       0.0       1.3
28/01/2019 02:00       203       206     13.80     38.20      16.5        44     992.9       0.0       0.0
28/01/2019 03:00       236       215      9.94     21.70      14.3        46     992.8       0.0       0.0
28/01/2019 04:00       252       259     15.41     20.70      12.9        48     992.6       0.0       0.0
28/01/2019 05:00       182       265      0.77     21.60      11.3        50     992.7       0.0       0.0
28/01/2019 06:00        79        82      9.27     18.90      11.3        53     992.6       0.0       0.0
28/01/2019 07:00        44        38     15.04     22.00       9.4        55     992.3       0.0       0.0
28/01/2019 08:00        31        35     16.16     22.40       8.4        56     992.1       0.0       0.0
28/01/2019 09:00        46        26     10.14     23.70       7.5        58     992.1       0.0       0.0
28/01/2019 10:00        71        37      8.11     15.80       6.9        60     991.8       0.0       0.0
28/01/2019 11:00        47        37     10.31     17.90       6.6        61     991.8       0.0       0.0
28/01/2019 12:00        64        66      6.76     12.60       5.9        62     991.6       0.0       0.0
28/01/2019 13:00        49        71      8.84     16.40       5.7        63     991.7       0.0       0.0
28/01/2019 14:00        56        61      7.48     15.80       5.8        61     992.1       0.0      12.2
28/01/2019 15:00        61        80      8.85     22.60      10.9        49     992.5       0.0     160.3
28/01/2019 16:00        62        83     10.25     21.80      15.3        39     993.1       0.0     343.5
28/01/2019 17:00        72        92      8.29     20.60      18.9        33     993.4       0.0     493.3
28/01/2019 18:00       129       179      6.53     21.00      21.4        30     993.3       0.0     607.8
28/01/2019 19:00       178       207      9.11     28.30      23.2        28     992.6       0.0     675.3
28/01/2019 20:00       196       354     14.49     34.80      24.0        26     991.7       0.0     617.7
28/01/2019 21:00       194       202     24.22     52.00      24.8        25     991.0       0.0     601.0
28/01/2019 22:00       202       199     24.24     54.90      24.6        26     990.8       0.0     321.7
28/01/2019 23:00       194       199     26.30     48.10      23.9        28     990.5       0.0     160.0
29/01/2019 00:00       195       198     21.62     47.40      22.2        32     990.4       0.0      37.5
29/01/2019 01:00       196       198     20.25     44.50      20.3        40     990.9       0.0       0.5
29/01/2019 02:00       192       187     20.94     36.90      17.6        44     991.7       0.0       0.0
29/01/2019 03:00       200       205     15.06     36.10      16.5        50     992.2       0.0       0.0
29/01/2019 04:00       203       222      6.27     17.60      15.6        56     992.1       0.0       0.0
29/01/2019 05:00       241       213      3.16     12.30      14.1        59     992.2       0.0       0.0
29/01/2019 06:00       289       267      9.90     16.50      13.2        65     991.8       0.0       0.0
29/01/2019 07:00       320       327     10.16     20.10      12.1        65     991.5       0.0       0.0
29/01/2019 08:00       307       328     11.09     22.20      11.0        65     991.4       0.0       0.0
29/01/2019 09:00       291       299      9.09     19.10      10.6        66     991.0       0.0       0.0
29/01/2019 10:00       257       279      5.76     11.50      10.0        66     991.0       0.0       0.0
29/01/2019 11:00       278       282     11.22     23.00      10.3        65     990.5       0.0       0.0
29/01/2019 12:00       101       207      1.97     17.50      11.1        60     990.2       0.0       0.0
29/01/2019 13:00        92       137      8.74     19.00      10.3        62     990.5       0.0       0.0
29/01/2019 14:00        58        79      7.59     21.60      10.0        61     991.0       0.0       3.0
29/01/2019 15:00       358        67      4.00     16.40      11.6        56     991.2       0.0      54.0
29/01/2019 16:00        63        85     13.47     31.70      14.9        46     991.8       0.0     207.0
29/01/2019 17:00        91        92     19.57     37.80      17.7        40     991.7       0.0     362.0
29/01/2019 18:00       107       101     19.21     36.50      18.7        40     991.4       0.0     261.8
29/01/2019 19:00       116       109      9.76     30.40      21.3        37     991.1       0.0     597.0
29/01/2019 20:00       101       130     12.20     31.10      24.1        32     989.7       0.0     731.3
29/01/2019 21:00       153       158      6.94     24.10      25.8        28     988.7       0.0     553.3
29/01/2019 22:00       180       183     13.75     44.10      26.2        28     988.2       0.0     446.5
29/01/2019 23:00       188       196     23.97     43.90      24.4        33     988.0       0.0     127.3
30/01/2019 00:00       190       197     27.70     54.50      22.4        42     988.2       0.0      46.8
30/01/2019 01:00       202       207     18.44     42.20      20.0        49     988.3       0.0       0.3
30/01/2019 02:00       200       203     15.38     33.50      18.2        50     988.4       0.0       0.0
30/01/2019 03:00       251       224      6.47     17.20      16.5        56     988.6       0.0       0.0
30/01/2019 04:00       319       327     10.32     19.10      15.4        58     988.6       0.0       0.0
30/01/2019 05:00       259       266     11.88     19.90      14.1        59     989.1       0.0       0.0
30/01/2019 06:00       266       274     12.11     19.30      12.8        63     989.3       0.0       0.0
30/01/2019 07:00       292       279      8.22     16.30      12.5        65     989.2       0.0       0.0
30/01/2019 08:00       264       267     13.73     23.30      11.3        67     989.2       0.0       0.0
30/01/2019 09:00       269       257     14.43     22.60       9.8        70     989.0       0.0       0.0
30/01/2019 10:00       264       270     15.04     21.10       9.2        71     988.9       0.0       0.0
30/01/2019 11:00       289       279     12.51     21.90       8.8        71     988.9       0.0       0.0
30/01/2019 12:00       281       278      9.93     22.20       9.2        68     989.0       0.0       0.0
30/01/2019 13:00       274       277     14.94     22.30       8.8        66     989.1       0.0       0.0
30/01/2019 14:00       277       275      9.50     18.90       8.4               989.4       0.0       0.0
30/01/2019 15:00                                                                             0.0
30/01/2019 16:00
